Tablas de bytes de los sprites (1 byte por pixel, 0 = transparente)

; frasco1 (1 redondo): 16x16 px = 256 bytes
frasco1 db  0, 0, 0, 0, 0, 0, 6, 6, 6, 6, 0, 0, 0, 0, 0, 0
        db  0, 0, 0, 0, 0, 0, 6, 6, 6, 6, 0, 0, 0, 0, 0, 0
        db  0, 0, 0, 0, 0, 8, 8, 8, 8, 8, 8, 0, 0, 0, 0, 0
        db  0, 0, 0, 0, 0, 0, 8,11,11, 8, 0, 0, 0, 0, 0, 0
        db  0, 0, 0, 0, 0, 0, 8,11,11, 8, 0, 0, 0, 0, 0, 0
        db  0, 0, 0, 0, 8, 8,11,11,11,11, 8, 8, 0, 0, 0, 0
        db  0, 0, 0, 8,11,11,11,11,11,11,11,11, 8, 0, 0, 0
        db  0, 0, 8,11,12,12,12,12,12,12,12,12,11, 8, 0, 0
        db  0, 8,15,12,12,12,12,12,12,12,12,12,12,12, 8, 0
        db  0, 8,15,12,12,12,12,12,12,12,12,12,12,12, 8, 0
        db  0, 8,12,12,12,12,12,12,12,12,12,12,12, 4, 8, 0
        db  0, 8,12,12,12,12,12,12,12,12,12,12, 4, 4, 8, 0
        db  0, 0, 8,12,12,12,12,12,12,12,12, 4, 4, 8, 0, 0
        db  0, 0, 0, 8, 4, 4, 4, 4, 4, 4, 4, 4, 8, 0, 0, 0
        db  0, 0, 0, 0, 8, 8, 8, 8, 8, 8, 8, 8, 0, 0, 0, 0
        db  0, 0, 0, 0, 0, 0, 0, 0, 0, 0, 0, 0, 0, 0, 0, 0

; frasco2 (2 alto): 16x16 px = 256 bytes
frasco2 db  0, 0, 0, 0, 0, 0, 6, 6, 6, 6, 0, 0, 0, 0, 0, 0
        db  0, 0, 0, 0, 0, 0, 6, 6, 6, 6, 0, 0, 0, 0, 0, 0
        db  0, 0, 0, 0, 0, 0, 6, 6, 6, 6, 0, 0, 0, 0, 0, 0
        db  0, 0, 0, 0, 0, 8, 8, 8, 8, 8, 8, 0, 0, 0, 0, 0
        db  0, 0, 0, 0, 0, 0, 8,11,11, 8, 0, 0, 0, 0, 0, 0
        db  0, 0, 0, 0, 0, 8,11,11,11,11, 8, 0, 0, 0, 0, 0
        db  0, 0, 0, 0, 0, 8,15,14,14,11, 8, 0, 0, 0, 0, 0
        db  0, 0, 0, 0, 0, 8,15,14,14,14, 8, 0, 0, 0, 0, 0
        db  0, 0, 0, 0, 0, 8,15,14,14,14, 8, 0, 0, 0, 0, 0
        db  0, 0, 0, 0, 0, 8,14,14,14,31, 8, 0, 0, 0, 0, 0
        db  0, 0, 0, 0, 0, 8,14,14,14,31, 8, 0, 0, 0, 0, 0
        db  0, 0, 0, 0, 0, 8,14,14,14,31, 8, 0, 0, 0, 0, 0
        db  0, 0, 0, 0, 0, 8,14,14,31,31, 8, 0, 0, 0, 0, 0
        db  0, 0, 0, 0, 0, 8,31,31,31,31, 8, 0, 0, 0, 0, 0
        db  0, 0, 0, 0, 0, 8, 8, 8, 8, 8, 8, 0, 0, 0, 0, 0
        db  0, 0, 0, 0, 0, 0, 0, 0, 0, 0, 0, 0, 0, 0, 0, 0

; frasco3 (3 matraz): 16x16 px = 256 bytes
frasco3 db  0, 0, 0, 0, 0, 0, 6, 6, 6, 6, 0, 0, 0, 0, 0, 0
        db  0, 0, 0, 0, 0, 0, 6, 6, 6, 6, 0, 0, 0, 0, 0, 0
        db  0, 0, 0, 0, 0, 8, 8, 8, 8, 8, 8, 0, 0, 0, 0, 0
        db  0, 0, 0, 0, 0, 0, 8,11,11, 8, 0, 0, 0, 0, 0, 0
        db  0, 0, 0, 0, 0, 0, 8,11,11, 8, 0, 0, 0, 0, 0, 0
        db  0, 0, 0, 0, 0, 8, 8,11,11, 8, 8, 0, 0, 0, 0, 0
        db  0, 0, 0, 0, 8,11,11,11,11,11,11, 8, 0, 0, 0, 0
        db  0, 0, 0, 8,11,13,13,13,13,13,13,11, 8, 0, 0, 0
        db  0, 0, 8,15,13,13,13,13,13,13,13,13,13, 8, 0, 0
        db  0, 8,15,13,13,13,13,13,13,13,13,13,13,13, 8, 0
        db  8,13,13,13,13,13,13,13,13,13,13,13,13,13, 5, 8
        db  8,13,13,13,13,13,13,13,13,13,13,13,13, 5, 5, 8
        db  0, 8,13,13,13,13,13,13,13,13,13,13, 5, 5, 8, 0
        db  0, 0, 8, 5, 5, 5, 5, 5, 5, 5, 5, 5, 5, 8, 0, 0
        db  0, 0, 0, 8, 8, 8, 8, 8, 8, 8, 8, 8, 8, 0, 0, 0
        db  0, 0, 0, 0, 0, 0, 0, 0, 0, 0, 0, 0, 0, 0, 0, 0

; frasco4 (4 corazon): 16x16 px = 256 bytes
frasco4 db  0, 0, 0, 0, 0, 0, 6, 6, 6, 6, 0, 0, 0, 0, 0, 0
        db  0, 0, 0, 0, 0, 0, 6, 6, 6, 6, 0, 0, 0, 0, 0, 0
        db  0, 0, 0, 0, 0, 0, 8,11,11, 8, 0, 0, 0, 0, 0, 0
        db  0, 0, 8, 8, 8, 0, 8,11,11, 8, 0, 8, 8, 8, 0, 0
        db  0, 8,24,24,24, 8, 8,11,11, 8, 8,24,24,24, 8, 0
        db  8,24,24,24,24,24,24,24,24,24,24,24,24,24,24, 8
        db  8,24,24,24,24,24,24,24,24,24,24,24,24,24,24, 8
        db  0, 8,15,24,24,24,24,24,24,24,24,24,24,24, 8, 0
        db  0, 0, 8,15,24,24,24,24,24,24,24,24,24, 8, 0, 0
        db  0, 0, 0, 8,15,24,24,24,24,24,24,25, 8, 0, 0, 0
        db  0, 0, 0, 0, 8,15,24,24,24,24,25, 8, 0, 0, 0, 0
        db  0, 0, 0, 0, 0, 8,15,24,24,25, 8, 0, 0, 0, 0, 0
        db  0, 0, 0, 0, 0, 0, 8,25,25, 8, 0, 0, 0, 0, 0, 0
        db  0, 0, 0, 0, 0, 0, 0, 8, 8, 0, 0, 0, 0, 0, 0, 0
        db  0, 0, 0, 0, 0, 0, 8, 8, 8, 8, 0, 0, 0, 0, 0, 0
        db  0, 0, 0, 0, 0, 0, 0, 0, 0, 0, 0, 0, 0, 0, 0, 0

; frasco5 (5 cuadrado): 16x16 px = 256 bytes
frasco5 db  0, 0, 0, 0, 0, 0, 6, 6, 6, 6, 0, 0, 0, 0, 0, 0
        db  0, 0, 0, 0, 0, 0, 6, 6, 6, 6, 0, 0, 0, 0, 0, 0
        db  0, 0, 0, 0, 0, 0, 6, 6, 6, 6, 0, 0, 0, 0, 0, 0
        db  0, 0, 0, 0, 0, 8, 8, 8, 8, 8, 8, 0, 0, 0, 0, 0
        db  0, 0, 0, 0, 0, 0, 8,11,11, 8, 0, 0, 0, 0, 0, 0
        db  0, 0, 8, 8, 8, 8,11,11,11,11, 8, 8, 8, 8, 0, 0
        db  0, 0, 8,15, 9, 9, 9, 9, 9, 9, 9, 9,11, 8, 0, 0
        db  0, 0, 8,15, 9, 9, 9, 9, 9, 9, 9, 9, 9, 8, 0, 0
        db  0, 0, 8,15, 9, 9, 9, 9, 9, 9, 9, 9, 9, 8, 0, 0
        db  0, 0, 8, 9, 9, 9, 9, 9, 9, 9, 9, 9,28, 8, 0, 0
        db  0, 0, 8, 9, 9, 9, 9, 9, 9, 9, 9, 9,28, 8, 0, 0
        db  0, 0, 8, 9, 9, 9, 9, 9, 9, 9, 9, 9,28, 8, 0, 0
        db  0, 0, 8, 9, 9, 9, 9, 9, 9, 9, 9,28,28, 8, 0, 0
        db  0, 0, 8, 9, 9, 9, 9, 9, 9, 9,28,28,28, 8, 0, 0
        db  0, 0, 8, 8, 8, 8, 8, 8, 8, 8, 8, 8, 8, 8, 0, 0
        db  0, 0, 0, 0, 0, 0, 0, 0, 0, 0, 0, 0, 0, 0, 0, 0

; frasco6 (6 calavera): 16x16 px = 256 bytes
frasco6 db  0, 0, 0, 0, 0,15,15,15,15,15,15, 0, 0, 0, 0, 0
        db  0, 0, 0, 0,15,15,15,15,15,15,15,15, 0, 0, 0, 0
        db  0, 0, 0, 0,15, 8, 8,15,15, 8, 8,15, 0, 0, 0, 0
        db  0, 0, 0, 0,15,15,15, 8, 8,15,15,15, 0, 0, 0, 0
        db  0, 0, 0, 0, 0,15, 8,15,15, 8,15, 0, 0, 0, 0, 0
        db  0, 0, 0, 0, 0, 0, 8,11,11, 8, 0, 0, 0, 0, 0, 0
        db  0, 0, 0, 0, 0, 8, 8,11,11, 8, 8, 0, 0, 0, 0, 0
        db  0, 0, 0, 0, 8,15,15,10,10,10,10, 8, 0, 0, 0, 0
        db  0, 0, 0, 8,15,10,10,10,10,10,10,10, 8, 0, 0, 0
        db  0, 0, 8,15,10,10,10,10,10,10,10,10,10, 8, 0, 0
        db  0, 8,15,10,10,10,10,10,10,10,10,10,10, 2, 8, 0
        db  8,10,10,10,10,10,10,10,10,10,10,10,10,10, 2, 8
        db  8,10,10,10,10,10,10,10,10,10,10,10,10, 2, 2, 8
        db  0, 8,10,10,10,10,10,10,10,10,10, 2, 2, 2, 8, 0
        db  0, 0, 8, 2, 2, 2, 2, 2, 2, 2, 2, 2, 2, 8, 0, 0
        db  0, 0, 0, 8, 8, 8, 8, 8, 8, 8, 8, 8, 8, 0, 0, 0

; frasco7 (7 estrella): 16x16 px = 256 bytes
frasco7 db  0, 0, 0, 0, 0, 0, 6, 6, 6, 6, 0, 0, 0, 0, 0, 0
        db  0, 0, 0, 0, 0, 0, 8,11,11, 8, 0, 0, 0, 0, 0, 0
        db  0, 0, 0, 0, 0, 0, 8,11,11, 8, 0, 0, 0, 0, 0, 0
        db  0, 0, 0, 0, 0, 8, 8,11,11, 8, 8, 0, 0, 0, 0, 0
        db  0, 0, 0, 0, 8, 8,11,11,11,11, 8, 8, 0, 0, 0, 0
        db  0, 0, 0, 8, 8,15,26,26,26,26,26, 8, 8, 0, 0, 0
        db  8, 8, 8, 8,15,26,26,26,26,26,26,26, 8, 8, 8, 8
        db  0, 8, 8,15,26,26,26,26,26,26,26,26,27, 8, 8, 0
        db  0, 0, 8, 8,26,26,26,26,26,26,26,27, 8, 8, 0, 0
        db  0, 0, 0, 8, 8,26,26,26,26,26,27, 8, 8, 0, 0, 0
        db  0, 0, 0, 8, 8,26,26, 8, 8,26,27, 8, 8, 0, 0, 0
        db  0, 0, 8, 8,26,26, 8, 8, 8, 8,26,27, 8, 8, 0, 0
        db  0, 8, 8,26, 8, 8, 0, 0, 0, 0, 8, 8,27, 8, 8, 0
        db  8, 8, 8, 8, 0, 0, 0, 0, 0, 0, 0, 0, 8, 8, 8, 8
        db  8, 8, 0, 0, 0, 0, 0, 0, 0, 0, 0, 0, 0, 0, 8, 8
        db  0, 0, 0, 0, 0, 0, 0, 0, 0, 0, 0, 0, 0, 0, 0, 0

; frasco8 (8 reloj): 16x16 px = 256 bytes
frasco8 db  0, 0, 0, 0, 0, 0, 6, 6, 6, 6, 0, 0, 0, 0, 0, 0
        db  0, 0, 0, 0, 0, 0, 8, 7, 7, 8, 0, 0, 0, 0, 0, 0
        db  0, 0, 0, 0, 0, 8, 7, 7, 7, 7, 8, 0, 0, 0, 0, 0
        db  0, 0, 0, 0, 8,15, 7, 7, 7, 7, 7, 8, 0, 0, 0, 0
        db  0, 0, 0, 8,15, 7, 7, 7, 7, 7, 7, 7, 8, 0, 0, 0
        db  0, 0, 0, 8, 7, 7, 7, 7, 7, 7, 7, 7, 8, 0, 0, 0
        db  0, 0, 0, 0, 8, 7,11,11,11,11, 7, 8, 0, 0, 0, 0
        db  0, 0, 0, 0, 0, 8,11,11,11,11, 8, 0, 0, 0, 0, 0
        db  0, 0, 0, 0, 0, 8, 7,11,11, 7, 8, 0, 0, 0, 0, 0
        db  0, 0, 0, 0, 8,15, 7,11,11, 7, 7, 8, 0, 0, 0, 0
        db  0, 0, 0, 8,15,11,11,11,11,11,11, 3, 8, 0, 0, 0
        db  0, 0, 0, 8,11,11,11,11,11,11,11, 3, 8, 0, 0, 0
        db  0, 0, 0, 0, 8,11,11,11,11,11, 3, 8, 0, 0, 0, 0
        db  0, 0, 0, 0, 0, 8, 3, 3, 3, 3, 8, 0, 0, 0, 0, 0
        db  0, 0, 0, 0, 0, 0, 8, 8, 8, 8, 0, 0, 0, 0, 0, 0
        db  0, 0, 0, 0, 0, 0, 0, 0, 0, 0, 0, 0, 0, 0, 0, 0

; chispa (chispa = toro): 8x8 px = 64 bytes
chispa db  0, 0, 0,14, 0, 0, 0, 0
       db  0, 0, 0,14, 0, 0, 0, 0
       db  0, 0,14,14,14, 0, 0, 0
       db 14,14,14,15,14,14,14, 0
       db  0, 0,14,14,14, 0, 0, 0
       db  0, 0, 0,14, 0, 0, 0, 0
       db  0, 0, 0,14, 0, 0, 0, 0
       db  0, 0, 0,14, 0, 0, 0, 0

; burbuja (burbuja = vaca): 8x8 px = 64 bytes
burbuja db  0, 0,11,11,11,11, 0, 0
        db  0,11,15,15,15,15,11, 0
        db 11,15, 0,15,15,15,15,11
        db 11,15, 0, 0,15,15,15,11
        db  0,11,15,15,15,15,11, 0
        db  0, 0,11,11,11,11, 0, 0
        db  0, 0, 0, 0, 0, 0, 0, 0
        db  0, 0, 0, 0, 0, 0, 0, 0

; marco1 (cuadro 1): 18x18 px = 324 bytes
marco1 db 14,14,14,14,14,14,14,14,14,14,14,14,14,14,14,14,14,14
       db 14, 0, 0, 0, 0, 0, 0, 0, 0, 0, 0, 0, 0, 0, 0, 0, 0,14
       db 14, 0, 0, 0, 0, 0, 0, 0, 0, 0, 0, 0, 0, 0, 0, 0, 0,14
       db 14, 0, 0, 0, 0, 0, 0, 0, 0, 0, 0, 0, 0, 0, 0, 0, 0,14
       db 14, 0, 0, 0, 0, 0, 0, 0, 0, 0, 0, 0, 0, 0, 0, 0, 0,14
       db 14, 0, 0, 0, 0, 0, 0, 0, 0, 0, 0, 0, 0, 0, 0, 0, 0,14
       db 14, 0, 0, 0, 0, 0, 0, 0, 0, 0, 0, 0, 0, 0, 0, 0, 0,14
       db 14, 0, 0, 0, 0, 0, 0, 0, 0, 0, 0, 0, 0, 0, 0, 0, 0,14
       db 14, 0, 0, 0, 0, 0, 0, 0, 0, 0, 0, 0, 0, 0, 0, 0, 0,14
       db 14, 0, 0, 0, 0, 0, 0, 0, 0, 0, 0, 0, 0, 0, 0, 0, 0,14
       db 14, 0, 0, 0, 0, 0, 0, 0, 0, 0, 0, 0, 0, 0, 0, 0, 0,14
       db 14, 0, 0, 0, 0, 0, 0, 0, 0, 0, 0, 0, 0, 0, 0, 0, 0,14
       db 14, 0, 0, 0, 0, 0, 0, 0, 0, 0, 0, 0, 0, 0, 0, 0, 0,14
       db 14, 0, 0, 0, 0, 0, 0, 0, 0, 0, 0, 0, 0, 0, 0, 0, 0,14
       db 14, 0, 0, 0, 0, 0, 0, 0, 0, 0, 0, 0, 0, 0, 0, 0, 0,14
       db 14, 0, 0, 0, 0, 0, 0, 0, 0, 0, 0, 0, 0, 0, 0, 0, 0,14
       db 14, 0, 0, 0, 0, 0, 0, 0, 0, 0, 0, 0, 0, 0, 0, 0, 0,14
       db 14,14,14,14,14,14,14,14,14,14,14,14,14,14,14,14,14,14

; marco2 (cuadro 2): 18x18 px = 324 bytes
marco2 db 15,15,15,15,15,15,15,15,15,15,15,15,15,15,15,15,15,15
       db 15, 0, 0, 0, 0, 0, 0, 0, 0, 0, 0, 0, 0, 0, 0, 0, 0,15
       db 15, 0, 0, 0, 0, 0, 0, 0, 0, 0, 0, 0, 0, 0, 0, 0, 0,15
       db 15, 0, 0, 0, 0, 0, 0, 0, 0, 0, 0, 0, 0, 0, 0, 0, 0,15
       db 15, 0, 0, 0, 0, 0, 0, 0, 0, 0, 0, 0, 0, 0, 0, 0, 0,15
       db 15, 0, 0, 0, 0, 0, 0, 0, 0, 0, 0, 0, 0, 0, 0, 0, 0,15
       db 15, 0, 0, 0, 0, 0, 0, 0, 0, 0, 0, 0, 0, 0, 0, 0, 0,15
       db 15, 0, 0, 0, 0, 0, 0, 0, 0, 0, 0, 0, 0, 0, 0, 0, 0,15
       db 15, 0, 0, 0, 0, 0, 0, 0, 0, 0, 0, 0, 0, 0, 0, 0, 0,15
       db 15, 0, 0, 0, 0, 0, 0, 0, 0, 0, 0, 0, 0, 0, 0, 0, 0,15
       db 15, 0, 0, 0, 0, 0, 0, 0, 0, 0, 0, 0, 0, 0, 0, 0, 0,15
       db 15, 0, 0, 0, 0, 0, 0, 0, 0, 0, 0, 0, 0, 0, 0, 0, 0,15
       db 15, 0, 0, 0, 0, 0, 0, 0, 0, 0, 0, 0, 0, 0, 0, 0, 0,15
       db 15, 0, 0, 0, 0, 0, 0, 0, 0, 0, 0, 0, 0, 0, 0, 0, 0,15
       db 15, 0, 0, 0, 0, 0, 0, 0, 0, 0, 0, 0, 0, 0, 0, 0, 0,15
       db 15, 0, 0, 0, 0, 0, 0, 0, 0, 0, 0, 0, 0, 0, 0, 0, 0,15
       db 15, 0, 0, 0, 0, 0, 0, 0, 0, 0, 0, 0, 0, 0, 0, 0, 0,15
       db 15,15,15,15,15,15,15,15,15,15,15,15,15,15,15,15,15,15

; caldero1 (cuadro 1): 16x16 px = 256 bytes
caldero1 db  0, 0, 0, 0,15, 0, 0, 0, 0, 0, 0, 0, 0, 0, 0, 0
         db  0, 0, 0, 0, 0, 0,15, 0, 0, 0, 0, 0, 0, 0, 0, 0
         db  0, 0, 0, 0,15, 0, 0, 0, 0, 0, 0, 0, 0, 0, 0, 0
         db  0, 0, 0, 0, 0, 0, 0, 0,15, 0, 0, 0, 0, 0, 0, 0
         db  0, 0, 0, 0, 0, 0, 0, 0, 0, 0, 0, 0, 0, 0, 0, 0
         db  0, 0, 0, 0, 0, 0, 0, 0, 0, 0, 0, 0, 0, 0, 0, 0
         db  0, 0, 0, 0, 8,10,10,10,10,10,10, 8, 0, 0, 0, 0
         db  0, 0, 0, 8, 7, 7, 7, 7, 7, 7, 7, 7, 8, 0, 0, 0
         db  0, 0, 8,15, 7, 7, 7, 7, 7, 7, 7, 7, 7, 8, 0, 0
         db  0, 8,15, 7, 7, 7, 7, 7, 7, 7, 7, 7, 7, 7, 8, 0
         db  0, 8, 7, 7, 7, 7, 7, 7, 7, 7, 7, 7, 7, 7, 8, 0
         db  0, 0, 8, 7, 7, 7, 7, 7, 7, 7, 7, 7, 7, 8, 0, 0
         db  0, 0, 0, 8, 8, 8, 8, 8, 8, 8, 8, 8, 8, 0, 0, 0
         db  0, 0, 0, 0, 8, 0, 0, 0, 0, 0, 0, 8, 0, 0, 0, 0
         db  0, 0, 0, 0, 0,12, 0,14,12, 0,12, 0, 0, 0, 0, 0
         db  0, 0, 0, 0,12,12,14,12,12,14,12,12, 0, 0, 0, 0

; caldero2 (cuadro 2): 16x16 px = 256 bytes
caldero2 db  0, 0, 0, 0, 0, 0,15, 0, 0, 0, 0, 0, 0, 0, 0, 0
         db  0, 0, 0, 0,15, 0, 0, 0,15, 0, 0, 0, 0, 0, 0, 0
         db  0, 0, 0, 0, 0, 0, 0, 0,15, 0, 0, 0, 0, 0, 0, 0
         db  0, 0, 0, 0, 0, 0,15, 0, 0, 0, 0, 0, 0, 0, 0, 0
         db  0, 0, 0, 0, 0, 0, 0, 0, 0, 0, 0, 0, 0, 0, 0, 0
         db  0, 0, 0, 0, 0, 0, 0, 0, 0, 0, 0, 0, 0, 0, 0, 0
         db  0, 0, 0, 0, 8,10,10,10,10,10,10, 8, 0, 0, 0, 0
         db  0, 0, 0, 8, 7, 7, 7, 7, 7, 7, 7, 7, 8, 0, 0, 0
         db  0, 0, 8,15, 7, 7, 7, 7, 7, 7, 7, 7, 7, 8, 0, 0
         db  0, 8,15, 7, 7, 7, 7, 7, 7, 7, 7, 7, 7, 7, 8, 0
         db  0, 8, 7, 7, 7, 7, 7, 7, 7, 7, 7, 7, 7, 7, 8, 0
         db  0, 0, 8, 7, 7, 7, 7, 7, 7, 7, 7, 7, 7, 8, 0, 0
         db  0, 0, 0, 8, 8, 8, 8, 8, 8, 8, 8, 8, 8, 0, 0, 0
         db  0, 0, 0, 0, 8, 0, 0, 0, 0, 0, 0, 8, 0, 0, 0, 0
         db  0, 0, 0, 0, 0, 0,12,14, 0,12, 0,12, 0, 0, 0, 0
         db  0, 0, 0, 0,12,14,12,12,14,12,12,12, 0, 0, 0, 0
